5        25.1778263832706
10        6.823827869803705
15        3.212060921142196
20        13.20191581980639
25        0.025497601188819607
30        1.9895830152441834
35        0.11240803610395388
40        0.013335512164289997
45        0.09624324783640897
50        0.1345248716602349
55        0.15985917325455584
60        0.028815500285711355
65        0.05918448202820101
70        0.016436077103653562
75        0.11567414717679814
80        0.023679022260697936
85        0.0195528448327952
90        0.021608022286415337
95        0.05192003106403305
100        0.022729802744689376
105        0.034025382315244636
110        0.0538434097898897
115        0.024085295269412298
120        0.01981886808878916
125        0.05966980324952507
130        0.18079938938506698
135        0.010941874348943406
140        0.02014959377014565
145        0.060470167482817194
150        0.04184431917129431
155        0.01382417952849645
160        0.00921384284997911
165        0.01657319769676232
170        0.030278827841785295
175        0.011828600711826679
180        0.04073032408395542
185        0.007839390540774115
190        0.017653537127168672
195        0.03795031558652373
200        0.01954805784882927
205        0.014334589966537987
210        0.019522716283348243
215        0.015259479570913208
220        0.03179174639622511
225        0.014124881369734093
230        0.023358959373365303
235        0.035356852266544954
240        0.005456776634254775
245        0.01191247359053815
250        0.011313626591920709
255        0.02599914412022447
260        0.016532793272010144
265        0.01874841174409236
270        0.007916001255311172
275        0.01929607745212692
280        0.03219084449054923
285        0.006135014070458951
290        0.03259319132992891
295        0.03025407686567183
300        0.015993225645683406
305        0.007967574774148544
310        0.0055993754448285075
315        0.015508481448902843
320        0.0059207752824775505
325        0.007942058530326137
330        0.00849676503915073
335        0.0178573024953431
340        0.010391018568179339
345        0.05704450455167461
350        0.02657158070154718
355        0.007279887234469169
360        0.005343725669128185
365        0.004895993255887067
370        0.03349810257033062
375        0.0033893953718110844
380        0.00838106945163211
385        0.006709757109146267
390        0.001890811249095858
395        0.00701626034435613
400        0.005549814723746841
405        0.0032546690578876955
410        0.006635847350192476
415        0.010622038945650916
420        0.002212990790261851
425        0.004721055220329754
430        0.011860238421778689
435        0.006731561432361203
440        0.0028664397741330833
445        0.004628896640665187
450        0.0015311770459665325
455        0.0019983534661049333
460        0.002283034185226613
465        0.003217297455347422
470        0.0016352988764455983
475        0.0015806639368826359
480        0.007878288837173677
485        0.008169135664204592
490        0.004595044689479084
495        0.0017611498039353615
500        0.0016746668412848241
505        0.002307051108705393
510        0.001986048575351074
515        0.004700304444234147
520        0.0070866700940204015
525        0.007033208056343862
530        0.004983597126345946
535        0.0013474163059472982
540        0.004017128240664493
545        0.001677186842062252
550        0.004465534099221852
555        0.00628915812669514
560        0.0035323097876542495
565        0.01227178438465078
570        0.0018056984404797951
575        0.0013338549367341004
580        0.004135862851191208
585        0.002422866352773781
590        0.0023598512675323136
595        0.004030645569290792
600        0.000977579515443906
605        0.002639833950526707
610        0.001497858473285641
615        0.002287010889274303
620        0.004955800455484347
625        0.0060785278252408065
630        0.0010234973866160425
635        0.005522645274903896
640        0.0010689445203584673
645        0.005311279413539467
650        0.003950893032727086
655        0.0010514542764471046
660        0.0029353960356088807
665        0.0028622079189613773
670        0.004546301409646754
675        0.0015066084549581794
680        0.050114719216526334
685        0.008254618919498302
690        0.0014274464495840683
695        0.0014299053647017401
700        0.0016046484604616878
705        0.004654579561915949
710        0.0014426960067004649
715        0.018601289968499947
720        0.001910388120523342
725        0.0033691398393948307
730        0.0006794387540486424
735        0.0012846947082577485
740        0.004030603578873787
745        0.003471911223420326
750        0.002534989778788388
755        0.0015007579972593282
760        0.0019774932530162554
765        0.0006255028976317507
770        0.0010910082427779068
775        0.0007036748462137157
780        0.0015456047658358543
785        0.0009708826324337824
790        0.001473892708484055
795        0.0032557497798843
800        0.0016738944531752504
805        0.0009742544744659721
810        0.0009663594637325194
815        0.001118731156664702
820        0.0006931760491892438
825        0.0005689393581426293
830        0.0005735506081239794
835        0.0015009887992928593
840        0.0029548784595483583
845        0.0021258892788581056
850        0.0019324677117868697
855        0.0005537029448876743
860        0.0007245181702670657
865        0.0013139387926667722
870        0.0018827052950817326
875        0.0017755183980428047
880        0.0005358509930963916
885        0.0005227980373600331
890        0.0019591181185623623
895        0.002494235259432101
900        0.0016464800326555838
905        0.000490211515526064
910        0.00042412946270170473
915        0.0005157667034298049
920        0.000766310891061633
925        0.00166796457426714
930        0.0008338885707227815
935        0.0006196987607287433
940        0.0004962158623809474
945        0.001383419288355313
950        0.0004453120259528473
955        0.0008897489837756004
960        0.0007855143793449265
965        0.0008302604224110037
970        0.001819589425878649
975        0.0004731835874177665
980        0.0010172479902548174
985        0.0023936156981861963
990        0.0015451466680221119
995        0.0015797715627184723
1000        0.0016945793888075383
1005        0.0013041375668554481
1010        0.0014018905704654505
1015        0.0016778930737663413
1020        0.002559754597122651
1025        0.0017059397266981503
1030        0.0004719689952968568
1035        0.00048180723164160147
1040        0.0005269082910116434
1045        0.0004457981271913884
1050        0.0008084628702072513
1055        0.00030112152389616945
1060        0.016867182584633673
1065        0.0005967277862743271
1070        0.0004960207185769714
1075        0.0006381557684173736
1080        0.0009371971838127637
1085        0.0003372853945920995
1090        0.00010510526740469323
1095        0.0004208925956126023
1100        0.0006729411398986106
1105        0.00011681520036195276
1110        0.000572042829746762
1115        0.0013526054559818061
1120        0.0003865591977167351
1125        0.005996394539678308
1130        0.0006277487431093574
1135        0.0005114640894343022
1140        0.00017336963115572858
1145        0.00040422887656367095
1150        0.001263836054267781
1155        0.000171207758835115
1160        0.0002881547580291942
1165        0.00014560855885061076
1170        0.0004542751015127311
1175        0.0004735106642753361
1180        0.00028019538412783594
1185        0.00019558871797764106
1190        0.0003410377118574288
1195        0.00021055400112848706
1200        0.00014171935896895046
1205        7.834351729928742e-05
1210        0.00012078434764693826
1215        0.0002725972026473261
1220        0.00015112884529558095
1225        0.00025673478442416196
1230        0.00015501219551154963
1235        0.00025137432192431626
1240        0.00024381754751870167
1245        0.0003734954608353553
1250        8.464456871651995e-05
1255        0.00037867561181575765
1260        0.0006055960800979731
1265        0.001031863678450977
1270        0.0009498266854421748
1275        4.6542577581900455e-05
1280        0.00023074180318934833
1285        7.172031970954295e-05
1290        0.00012068958568749687
1295        6.045906498504931e-05
1300        3.553548614187328e-05
1305        4.1437127258016404e-05
1310        0.00019545847565777762
1315        0.00010323056395231025
1320        5.024374938491274e-05
1325        0.00020226169142758177
1330        4.823818476493151e-05
1335        0.00042405892539355453
1340        6.938297834753118e-05
1345        7.975182871700148e-05
1350        3.1283557393934806e-05
1355        0.00010886850445682031
1360        0.00010569140018269455
1365        0.0001380531837871966
1370        8.190216520390819e-05
1375        0.0001818717643992085
1380        7.913601789540999e-05
1385        3.5770836455717805e-05
1390        0.0001394894994870472
1395        0.00018325765218804205
1400        6.0691101594478854e-05
1405        0.00014893722387260608
1410        5.365790216331265e-05
1415        9.289148928828765e-05
1420        8.894126129647738e-05
1425        4.7814349275796856e-05
1430        3.128420081497583e-05
1435        3.995656720438737e-05
1440        0.0001527482316521221
1445        0.0010111417674102535
1450        0.00025945918934573817
1455        3.612605811005111e-05
1460        7.171356154136817e-05
1465        0.00010704661552378753
1470        9.437299072521946e-05
1475        6.691033754877845e-05
1480        0.00011644355239180054
1485        0.00015820581953991208
1490        5.984055478734079e-05
1495        3.329822756860373e-05
1500        0.0012729997117802464
1505        0.00014808548975458357
1510        0.0001066863256303359
1515        4.6896910618331465e-05
1520        6.54497368459495e-05
1525        8.452837705841181e-05
1530        1.698728952302926e-05
1535        2.2384814704523745e-05
1540        0.0001022045695781941
1545        1.5039846330458814e-05
1550        0.0001998638682694286
1555        3.7944409149926045e-05
1560        2.7123028777371617e-05
1565        2.4225892072704415e-05
1570        5.866446172119603e-05
1575        8.259289902898446e-05
1580        4.110289034931381e-05
1585        0.00010006546819884779
1590        2.3766891950707144e-05
1595        1.2410785080080726e-05
1600        9.461554655603291e-05
1605        1.4738503639708778e-05
1610        1.3828170673022162e-05
1615        1.652367826776797e-05
